
1.0 0.4 821.0444444444445 0.9757383576515725 888.0713580246913 33.323820128176095
1.0 0.425 853.5411111111111 0.8964151763524864 788.606087654321 34.21573661434954
1.0 0.45 878.3011111111111 0.9359695633834691 818.5748876543208 32.234604365444454
1.0 0.475 901.9577777777778 0.9680195597324898 827.8182172839506 34.65284919168199
1.0 0.5 925.9 1.0042719738849928 822.5077777777777 38.90229428838691
1.0 0.525 945.3744444444444 0.95782742917192 914.3675691358026 35.464656532771784
1.0 0.55 970.7011111111111 1.043233831428522 893.8184432098765 42.86701124056383
1.0 0.575 992.2244444444444 0.929987132261965 768.1540691358024 39.796504181266926
1.0 0.6 1009.4066666666666 0.9699011452109366 780.1057333333333 34.58379532498711
1.0 0.625 1024.65 0.9401558748486063 887.0608333333332 39.706448906374824
1.0 0.65 1043.9688888888888 0.9366912344214354 836.2990320987655 42.39820341202947
1.0 0.675 1060.901111111111 1.0217848143274126 866.0779987654322 39.57701491898707
1.0 0.7 1076.111111111111 0.9245966495294091 799.8120987654321 37.01812124916313
1.0 0.725 1088.2877777777778 0.9620458444968165 871.1205172839507 37.99659143809799
1.0 0.75 1102.71 0.9714180824259981 723.6170111111112 30.23689861855612
1.0 0.775 1118.4055555555556 0.9875155129895826 806.9744135802468 33.390896385990075
1.0 0.8 1128.0755555555556 0.9827436129354475 763.1054024691358 36.65041972459339
1.0 0.825 1138.6666666666667 0.8914059292716976 827.6911111111111 41.640874043420105
1.0 0.85 1152.5666666666666 0.8577498069705619 696.2011111111111 32.83930757478091
1.0 0.875 1160.0955555555556 1.0157599925519487 735.1908691358025 31.124792107023236
1.0 0.9 1170.4588888888889 0.9870900539927198 878.5527543209876 41.67270777463859
1.0 0.925 1179.6166666666666 0.8741472709778496 759.9097222222222 30.749676588609297
1.0 0.95 1194.39 0.966582352644852 798.7045666666667 43.0902917002271
1.0 0.975 1201.1777777777777 1.0129451366567535 836.075061728395 35.16652326433852
1.0 1.0 1209.1433333333334 0.8254194817571304 719.4983444444445 37.02714757569056