
0.2 0.5 0.0 0.0 0.0 0.0
0.21 0.5 0.0 0.0 0.0 0.0
0.22 0.5 0.0 0.0 0.0 0.0
0.23 0.5 0.0 0.0 0.0 0.0
0.24 0.5 0.0 0.0 0.0 0.0
0.25 0.5 8.080808080808081e-07 2.7236758922987065e-07 2.260993776145291e-06 8.696113124463197e-07
0.26 0.5 8.08080808080808e-08 6.0604713789749e-08 8.079175594327104e-08 6.05718683905193e-08
0.27 0.5 0.00016161616161616162 2.3029093003831578e-05 0.010903347005407607 0.0019391817265436509
0.28 0.5 4.157575757575758e-05 5.889405400360803e-06 0.0009515170247933888 0.00018542299024195587
0.29 0.5 0.0010642828282828283 5.067717554251863e-05 0.06853080060810121 0.0036896724003869672
0.3 0.5 0.0011932525252525252 6.005264700413161e-05 0.12023596698704214 0.006498527627891642
0.31 0.5 0.04824626262626262 0.00019542968652460304 0.8000620837669626 0.010083264985547312
0.32 0.5 0.07558832323232323 0.00016937770832341009 0.873064588425671 0.013509248386242081
0.33 0.5 0.09513555555555556 0.0001623784510409963 0.7539296980920314 0.01014936030165616
0.34 0.5 0.11984824242424243 0.0001654565191313075 0.6022452927823692 0.008689943952910761
0.35 0.5 0.13380537373737375 0.0001697763999246984 0.6319947156861544 0.008948863234882939
0.36 0.5 0.14751111111111112 0.00014972280784714787 0.5680916812570146 0.008603357704901785
0.37 0.5 0.1593729696969697 0.0001434551563212549 0.5486824966391185 0.007370258513779102
0.38 0.5 0.17046363636363637 0.00015445634618852766 0.5231569467401286 0.007722044178283531
0.39 0.5 0.18115543434343434 0.0001506150637332287 0.53149632768493 0.007158636946029579
0.4 0.5 0.1901388686868687 0.0001643795707635215 0.5281424553861852 0.006909467692792568
0.41 0.5 0.19848763636363637 0.0001286087693180988 0.5023454461340678 0.007470222214958621
0.42 0.5 0.20654666666666666 0.00013728981593250222 0.4545271515151515 0.005843038431426488
0.43 0.5 0.2142840404040404 0.0001353197690527918 0.4851389086827875 0.006392138168252751
0.44 0.5 0.22048222222222222 0.00014793130770132692 0.4678358260381594 0.0071676640421518755
0.45 0.5 0.22766048484848483 0.00012874545320074518 0.47143954082644635 0.007119056896063906
0.46 0.5 0.23331470707070706 0.00013904335786814087 0.45390241885113763 0.006198308155833643
0.47 0.5 0.23895559595959595 0.0001412192304535493 0.4366366464605653 0.006840236069079693
0.48 0.5 0.2449058585858586 0.00014934625064383104 0.44664220712172226 0.006265042054526502
0.49 0.5 0.2501561616161616 0.0001391218526620938 0.4473266298336905 0.00736518746619667
0.5 0.5 0.25506832323232326 0.0001362802989903853 0.4170136631731456 0.005269259359935349
